2	3
3	4
5	35
5	37
5	6
5	39
5	10
5	13
5	14
5	15
5	17
5	23
6	8
6	9
6	7
10	11
10	12
15	16
17	18
17	19
17	20
17	21
17	22
23	33
23	34
23	24
23	25
23	26
23	27
23	28
23	29
29	32
29	30
29	31
35	36
37	38
39	40
41	42
41	44
42	43
44	45
46	50
46	52
46	47
47	48
47	49
50	51
52	53
54	55
55	56
57	58
57	60
58	59
60	61
62	63
63	64
63	65
63	66
63	67
68	74
68	69
68	71
69	70
71	72
71	73
74	75
74	76
77	78
78	79
80	81
81	82
83	84
84	85
86	115
86	120
86	91
86	117
86	87
87	88
87	89
87	90
91	92
91	93
91	94
91	95
91	96
91	97
91	98
91	99
91	100
91	101
91	102
91	103
91	104
91	105
91	106
91	107
91	108
91	109
91	110
91	111
91	112
91	113
91	114
115	116
117	118
117	119
120	121
122	123
123	124
123	125
126	130
126	132
126	127
127	128
127	129
130	131
132	133
132	134
132	135
136	137
136	148
136	150
137	138
137	139
137	140
137	143
137	144
137	145
137	146
137	147
140	141
140	142
148	149
150	151
152	153
153	154
153	155
156	193
156	170
156	172
156	178
156	187
156	157
156	190
156	191
157	160
157	161
157	164
157	158
157	159
161	162
161	163
164	168
164	169
164	165
164	166
164	167
170	171
172	173
173	176
173	177
173	174
173	175
178	179
178	180
178	183
178	184
178	185
178	186
180	181
180	182
187	188
187	189
191	192
193	194
193	195
196	201
196	197
197	200
197	198
197	199
201	202
201	203
204	205
204	221
205	206
205	207
205	208
205	209
205	210
205	211
205	212
205	213
205	214
205	215
205	216
205	217
205	218
205	219
205	220
221	222
223	224
223	226
224	225
226	227
228	260
228	229
228	231
228	235
228	237
228	239
228	241
228	252
229	230
231	232
231	233
231	234
235	236
237	238
239	240
241	242
241	243
241	244
241	245
241	246
241	247
241	248
241	249
241	250
241	251
252	256
252	257
252	258
252	259
252	253
252	254
252	255
260	261
262	263
263	264
265	266
266	267
268	273
268	269
268	278
268	281
269	272
269	270
269	271
273	274
273	275
273	276
273	277
278	280
278	279
281	282
281	283
284	289
284	285
284	287
285	286
287	288
289	290
291	292
291	294
291	295
292	293
295	296
297	304
297	298
297	300
297	301
297	303
298	299
301	302
304	305
306	312
306	307
307	308
307	309
307	310
307	311
312	313
314	320
314	315
315	316
315	317
315	318
315	319
320	321
320	322
323	328
323	330
323	324
323	326
324	325
326	327
328	329
330	331
332	640
332	610
332	612
332	614
332	616
332	620
332	333
332	590
332	335
332	592
332	338
332	594
332	341
332	642
332	633
332	639
332	637
332	622
332	607
333	334
335	336
335	337
338	339
338	340
341	512
341	513
341	514
341	515
341	516
341	517
341	518
341	519
341	520
341	523
341	524
341	525
341	530
341	531
341	532
341	533
341	534
341	535
341	536
341	537
341	543
341	544
341	545
341	546
341	547
341	548
341	549
341	550
341	551
341	552
341	553
341	559
341	560
341	561
341	562
341	563
341	564
341	565
341	572
341	573
341	574
341	575
341	576
341	577
341	580
341	581
341	582
341	583
341	584
341	585
341	586
341	587
341	588
341	589
341	342
341	343
341	344
341	345
341	346
341	347
341	348
341	349
341	350
341	351
341	352
341	353
341	354
341	355
341	356
341	361
341	362
341	363
341	364
341	365
341	366
341	367
341	368
341	369
341	370
341	371
341	372
341	373
341	374
341	375
341	376
341	377
341	378
341	399
341	421
341	422
341	423
341	424
341	425
341	429
341	432
341	433
341	434
341	435
341	436
341	437
341	438
341	439
341	440
341	441
341	442
341	443
341	444
341	445
341	446
341	447
341	448
341	449
341	450
341	451
341	452
341	453
341	454
341	455
341	456
341	457
341	458
341	459
341	460
341	461
341	462
341	463
341	464
341	465
341	466
341	467
341	468
341	469
341	470
341	471
341	472
341	473
341	474
341	475
341	476
341	477
341	478
341	479
341	480
341	481
341	482
341	483
341	484
341	485
341	486
341	487
341	488
341	489
341	490
341	491
341	492
341	493
341	494
341	495
341	496
341	497
341	498
341	499
341	500
341	501
341	502
341	503
341	504
341	505
341	506
341	507
341	508
341	509
341	510
341	511
356	360
356	357
356	358
356	359
378	384
378	385
378	386
378	387
378	388
378	389
378	390
378	391
378	392
378	393
378	394
378	395
378	396
378	397
378	398
378	379
378	380
378	381
378	382
378	383
399	416
399	417
399	418
399	419
399	420
399	400
399	401
399	402
399	403
399	404
399	405
399	406
399	407
399	408
399	409
399	410
399	411
399	412
399	413
399	414
399	415
425	426
425	427
425	428
429	430
429	431
520	521
520	522
525	528
525	529
525	526
525	527
537	538
537	539
537	540
537	541
537	542
553	554
553	555
553	556
553	557
553	558
565	566
565	567
565	568
565	569
565	570
565	571
577	578
577	579
590	591
592	593
594	595
594	596
594	597
594	598
594	599
594	600
594	601
594	602
594	603
594	604
594	605
594	606
607	608
607	609
610	611
612	613
614	615
616	617
616	618
616	619
620	621
622	623
622	624
622	625
622	626
622	627
622	628
622	629
622	630
622	631
622	632
633	634
633	635
633	636
637	638
640	641
642	643
644	645
645	648
645	649
645	646
645	647
650	651
651	652
651	653
651	654
655	656
656	657
656	660
656	661
656	662
656	663
656	664
656	665
656	666
656	667
656	668
656	669
656	670
656	671
656	672
656	673
656	674
656	675
656	676
656	679
656	680
656	681
656	682
656	683
656	684
656	685
656	686
656	687
656	688
656	689
656	690
656	691
656	692
656	693
656	694
656	695
656	696
656	697
656	698
656	699
656	700
656	701
656	702
656	703
656	704
656	705
656	706
656	707
656	708
657	658
657	659
676	677
676	678
709	710
710	711
712	713
713	714
713	715
713	716
713	717
713	718
713	719
713	720
713	721
713	722
713	723
713	724
713	725
713	726
713	727
713	728
713	729
713	730
713	731
732	733
733	742
733	734
734	736
734	737
734	738
734	739
734	740
734	741
734	735
743	744
743	746
743	747
743	749
744	745
747	748
749	750
751	752
752	753
754	808
754	810
754	812
754	814
754	755
754	757
755	756
757	768
757	769
757	770
757	771
757	772
757	773
757	774
757	775
757	776
757	777
757	778
757	779
757	780
757	781
757	782
757	787
757	788
757	789
757	790
757	791
757	792
757	793
757	797
757	798
757	799
757	800
757	801
757	802
757	803
757	804
757	805
757	806
757	807
757	758
757	759
757	760
757	761
757	762
757	765
757	766
757	767
762	763
762	764
782	784
782	785
782	786
782	783
793	794
793	795
793	796
808	809
810	811
812	813
814	816
814	815
817	818
817	819
817	821
817	823
819	820
821	822
823	824
825	826
826	832
826	833
826	834
826	835
826	836
826	837
826	838
826	827
826	828
826	829
826	830
826	831
839	840
840	841
840	842
840	843
840	844
840	845
840	846
847	848
847	857
847	852
847	862
847	860
848	849
848	850
848	851
852	856
852	853
852	854
852	855
857	858
857	859
860	861
862	863
864	865
865	866
865	867
865	868
865	869
870	881
870	884
870	871
871	872
871	873
871	880
871	878
871	879
873	874
873	875
873	876
873	877
881	882
881	883
885	888
885	890
885	886
886	887
888	889
890	891
892	960
892	930
892	963
892	933
892	939
892	941
892	942
892	944
892	922
892	893
892	958
893	896
893	897
893	898
893	899
893	900
893	901
893	902
893	903
893	904
893	905
893	906
893	907
893	908
893	909
893	910
893	911
893	912
893	913
893	914
893	915
893	916
893	917
893	918
893	919
893	920
893	921
893	894
893	895
922	928
922	929
922	923
922	924
922	925
922	926
922	927
930	931
930	932
933	936
933	937
933	938
933	934
933	935
939	940
942	943
944	945
944	946
944	947
944	948
944	949
944	950
944	951
944	952
944	953
944	954
944	955
944	956
944	957
958	959
960	961
960	962
963	964
963	965
963	966
963	967
967	968
967	969
970	977
970	971
970	972
970	980
970	975
972	973
972	974
975	976
977	978
977	979
980	981
980	982
983	984
984	985
986	987
987	988
989	990
990	991
992	993
992	1011
992	998
993	994
993	995
993	996
993	997
998	999
998	1000
998	1001
998	1002
998	1003
998	1004
998	1005
998	1006
998	1007
998	1008
998	1009
998	1010
1011	1012
1011	1013
1014	1015
1015	1016
1017	1018
1017	1021
1018	1019
1018	1020
1021	1022
1023	1024
1023	1040
1023	1026
1023	1028
1023	1038
1024	1025
1026	1027
1028	1029
1028	1030
1028	1031
1028	1032
1028	1033
1028	1034
1028	1035
1028	1036
1028	1037
1038	1039
1040	1041
1040	1042
1043	1044
1044	1045
1046	1056
1046	1063
1046	1051
1046	1065
1046	1047
1047	1048
1047	1049
1047	1050
1051	1052
1051	1053
1051	1054
1051	1055
1056	1057
1056	1058
1056	1059
1056	1060
1056	1061
1056	1062
1063	1064
1065	1066
1067	1072
1067	1068
1068	1069
1068	1070
1068	1071
1072	1073
1072	1074
1075	1080
1075	1082
1075	1076
1075	1078
1076	1077
1078	1079
1080	1081
1082	1083
1084	1085
1085	1086
1087	1088
1088	1089
1090	1091
1091	1092
1093	1096
1093	1098
1093	1100
1093	1094
1094	1095
1096	1097
1098	1099
1100	1101
1102	1109
1102	1103
1103	1104
1103	1105
1103	1106
1103	1107
1103	1108
1109	1112
1109	1113
1109	1114
1109	1110
1109	1111
1115	1128
1115	1130
1115	1116
1115	1126
1115	1118
1116	1117
1118	1120
1118	1121
1118	1122
1118	1123
1118	1124
1118	1125
1118	1119
1126	1127
1128	1129
1130	1131
1132	1133
1133	1134
1133	1135
1136	1137
1137	1138
1139	1153
1139	1155
1139	1157
1139	1159
1139	1140
1139	1142
1139	1144
1139	1148
1139	1151
1140	1141
1142	1143
1144	1145
1144	1146
1144	1147
1148	1149
1148	1150
1151	1152
1153	1154
1155	1156
1157	1158
1160	1161
1160	1163
1160	1165
1160	1173
1160	1175
1160	1177
1161	1162
1163	1164
1165	1166
1165	1167
1165	1168
1165	1169
1165	1170
1165	1171
1165	1172
1173	1174
1175	1176
1177	1178
1179	1180
1180	1181
1182	1183
1184	1185
1184	1187
1185	1186
1187	1188
1189	1192
1189	1190
1190	1191
1192	1193
1194	1195
1195	1196
1197	1198
1198	1199
1200	1329
1200	1325
1200	1327
1200	1201
1200	1204
1200	1206
1200	1208
1201	1202
1201	1203
1204	1205
1206	1207
1208	1209
1208	1210
1208	1211
1208	1212
1208	1213
1208	1214
1208	1215
1208	1216
1208	1217
1208	1218
1208	1219
1208	1220
1208	1221
1208	1222
1208	1223
1208	1224
1208	1225
1208	1226
1208	1232
1208	1233
1208	1234
1208	1235
1208	1236
1208	1237
1208	1238
1208	1239
1208	1240
1208	1241
1208	1242
1208	1243
1208	1246
1208	1247
1208	1248
1208	1249
1208	1250
1208	1251
1208	1252
1208	1253
1208	1254
1208	1255
1208	1256
1208	1257
1208	1258
1208	1259
1208	1260
1208	1264
1208	1265
1208	1266
1208	1267
1208	1268
1208	1269
1208	1270
1208	1271
1208	1272
1208	1273
1208	1274
1208	1275
1208	1276
1208	1277
1208	1278
1208	1279
1208	1280
1208	1281
1208	1282
1208	1285
1208	1286
1208	1287
1208	1291
1208	1292
1208	1293
1208	1294
1208	1295
1208	1296
1208	1297
1208	1298
1208	1299
1208	1300
1208	1301
1208	1302
1208	1303
1208	1304
1208	1305
1208	1306
1208	1307
1208	1311
1208	1312
1208	1313
1208	1314
1208	1315
1208	1316
1208	1317
1208	1318
1208	1319
1208	1320
1208	1321
1208	1322
1208	1323
1208	1324
1226	1227
1226	1228
1226	1229
1226	1230
1226	1231
1243	1244
1243	1245
1260	1261
1260	1262
1260	1263
1282	1283
1282	1284
1287	1288
1287	1289
1287	1290
1307	1308
1307	1309
1307	1310
1325	1326
1327	1328
1329	1330
1331	1340
1331	1332
1332	1333
1332	1334
1332	1335
1332	1336
1332	1337
1332	1338
1332	1339
1341	1342
1343	1344
1343	1347
1344	1345
1344	1346
1347	1348
1347	1349
1350	1353
1350	1351
1351	1352
1354	1355
1355	1356
1355	1357
1358	1376
1358	1379
1358	1381
1358	1384
1358	1385
1358	1387
1358	1388
1358	1359
1358	1392
1358	1400
1358	1394
1358	1396
1358	1368
1358	1370
1358	1372
1358	1374
1359	1360
1359	1361
1359	1362
1359	1363
1359	1364
1359	1365
1359	1366
1359	1367
1368	1369
1370	1371
1372	1373
1374	1375
1376	1377
1376	1378
1379	1380
1381	1382
1381	1383
1385	1386
1388	1389
1388	1390
1388	1391
1392	1393
1394	1395
1396	1397
1396	1398
1396	1399
1400	1401
1400	1402
1403	1404
1404	1405
1406	1412
1406	1407
1407	1408
1407	1409
1407	1410
1407	1411
1412	1413
1414	1415
1415	1416
1417	1418
1417	1459
1418	1419
1418	1420
1418	1421
1418	1422
1418	1423
1418	1424
1418	1425
1418	1426
1418	1427
1418	1428
1418	1429
1418	1430
1418	1431
1418	1432
1418	1433
1418	1434
1418	1435
1418	1436
1418	1437
1418	1438
1418	1439
1418	1440
1418	1441
1418	1442
1418	1443
1418	1444
1418	1445
1418	1446
1418	1447
1418	1448
1418	1449
1418	1450
1418	1451
1418	1452
1418	1453
1418	1454
1418	1455
1418	1456
1418	1457
1418	1458
1459	1460
1461	1464
1461	1462
1462	1463
1464	1465
1466	1467
1466	1469
1467	1468
1469	1470
1471	1472
1472	1473
1472	1474
1475	1476
1477	1478
1477	1480
1477	1482
1477	1484
1477	1487
1477	1490
1477	1492
1477	1494
1478	1479
1480	1481
1482	1483
1484	1485
1484	1486
1487	1488
1487	1489
1490	1491
1492	1493
1494	1495
1496	1497
1496	1499
1496	1502
1497	1498
1499	1500
1499	1501
1502	1503
1504	1505
1504	1508
1504	1510
1504	1512
1504	1514
1504	1516
1504	1518
1504	1520
1504	1522
1504	1524
1504	1526
1505	1506
1505	1507
1508	1509
1510	1511
1512	1513
1514	1515
1516	1517
1518	1519
1520	1521
1522	1523
1524	1525
1526	1528
1526	1529
1526	1530
1526	1527
1531	1532
1532	1533
1534	1537
1534	1539
1534	1541
1534	1543
1534	1544
1534	1535
1535	1536
1537	1538
1539	1540
1541	1542
1544	1545
1546	1547
1546	1549
1547	1548
1549	1550
1551	1552
1552	1553
1552	1554
1552	1555
1552	1556
1552	1557
1552	1558
1552	1559
1552	1560
1552	1561
1552	1562
1552	1563
1552	1564
1552	1565
1552	1566
1552	1567
1552	1568
1552	1569
1552	1570
1552	1571
1552	1572
1552	1573
1552	1574
1575	1576
1575	1581
1576	1577
1576	1578
1576	1579
1576	1580
1582	1585
1582	1586
1582	1583
1583	1584
1586	1587
1588	1593
1588	1589
1588	1591
1589	1590
1591	1592
1593	1594
1595	1596
1596	1597
1598	1599
1599	1600
1601	1602
1601	1604
1601	1607
1601	1609
1601	1611
1601	1614
1601	1616
1602	1603
1604	1605
1604	1606
1607	1608
1609	1610
1611	1612
1611	1613
1614	1615
1616	1617
1618	1625
1618	1619
1618	1621
1618	1623
1619	1620
1621	1622
1623	1624
1625	1626
1627	1632
1627	1628
1627	1630
1628	1629
1630	1631
1632	1633
1634	1635
1635	1636
1637	1638
1638	1639
1640	1641
1640	1674
1640	1643
1641	1642
1643	1664
1643	1665
1643	1666
1643	1667
1643	1668
1643	1669
1643	1670
1643	1671
1643	1672
1643	1673
1643	1644
1643	1645
1643	1646
1643	1647
1643	1648
1643	1649
1643	1650
1643	1651
1643	1652
1643	1653
1643	1654
1643	1655
1643	1656
1643	1657
1643	1658
1643	1659
1643	1660
1643	1661
1643	1662
1643	1663
1674	1675
1676	1677
1677	1678
1677	1679
1680	1681
1680	1683
1681	1682
1683	1684
1685	1697
1685	1700
1685	1702
1685	1686
1685	1689
1685	1693
1685	1695
1686	1688
1686	1687
1689	1690
1689	1691
1689	1692
1693	1694
1695	1696
1697	1698
1697	1699
1700	1701
1702	1703
1704	1705
1704	1707
1705	1706
1707	1708
1707	1709
1710	1711
1711	1712
1711	1713
1714	1715
1715	1716
1715	1717
1718	1728
1718	1730
1718	1742
1718	1719
1718	1721
1718	1723
1718	1724
1718	1726
1719	1720
1721	1722
1724	1725
1726	1727
1728	1729
1730	1731
1730	1732
1730	1733
1730	1734
1730	1735
1730	1736
1730	1737
1730	1738
1730	1739
1730	1740
1730	1741
1742	1743
1744	1745
1744	1747
1744	1749
1744	1751
1744	1753
1744	1755
1744	1757
1745	1746
1747	1748
1749	1750
1751	1752
1753	1754
1755	1756
1757	1760
1757	1758
1757	1759
1761	1762
1762	1763
1765	1920
1765	1922
1765	1926
1765	1928
1765	1802
1765	1811
1765	1817
1765	2339
1765	2349
1765	2351
1765	2353
1765	2358
1765	1854
1765	1783
1765	1873
1765	1876
1765	1883
1765	1891
1765	1766
1765	1768
1765	1901
1765	1776
1765	1911
1765	1915
1765	1917
1765	1918
1766	1767
1768	1769
1768	1772
1768	1773
1768	1774
1768	1775
1769	1770
1769	1771
1776	1777
1776	1778
1778	1779
1778	1780
1778	1781
1778	1782
1783	1796
1783	1797
1783	1798
1783	1799
1783	1800
1783	1801
1783	1784
1783	1788
1783	1789
1783	1790
1783	1791
1784	1785
1784	1786
1784	1787
1791	1792
1791	1793
1791	1794
1791	1795
1802	1803
1802	1804
1802	1805
1802	1806
1802	1807
1802	1810
1807	1808
1807	1809
1811	1816
1811	1812
1811	1813
1811	1814
1811	1815
1817	1826
1817	1827
1817	1853
1817	1843
1817	1848
1817	1849
1817	1818
1817	1851
1817	1852
1817	1850
1817	1822
1818	1819
1818	1820
1818	1821
1822	1824
1822	1825
1822	1823
1827	1828
1827	1829
1827	1830
1827	1831
1827	1832
1827	1833
1827	1834
1827	1835
1827	1836
1827	1837
1827	1838
1827	1839
1827	1840
1827	1841
1827	1842
1843	1844
1843	1845
1843	1846
1843	1847
1854	1856
1854	1857
1854	1858
1854	1859
1854	1860
1854	1861
1854	1872
1854	1855
1861	1862
1861	1863
1861	1864
1861	1865
1861	1866
1861	1867
1861	1868
1861	1869
1861	1870
1861	1871
1873	1874
1873	1875
1876	1882
1876	1877
1877	1880
1877	1881
1877	1878
1877	1879
1883	1888
1883	1889
1883	1890
1883	1884
1883	1887
1884	1885
1884	1886
1891	1896
1891	1897
1891	1892
1891	1900
1891	1895
1892	1893
1892	1894
1897	1898
1897	1899
1901	1902
1901	1903
1901	1904
1901	1907
1901	1908
1901	1909
1901	1910
1904	1905
1904	1906
1911	1912
1912	1913
1912	1914
1915	1916
1918	1919
1920	1921
1922	1923
1922	1924
1922	1925
1926	1927
1928	2336
1928	2337
1928	2338
1928	1929
1928	1930
1928	1931
1928	1932
1932	2048
1932	2049
1932	2050
1932	2051
1932	2052
1932	2053
1932	2054
1932	2055
1932	2056
1932	2057
1932	2061
1932	2062
1932	2063
1932	2064
1932	2065
1932	2066
1932	2067
1932	2068
1932	2069
1932	2070
1932	2071
1932	2072
1932	2073
1932	2076
1932	2077
1932	2078
1932	2079
1932	2080
1932	2087
1932	2088
1932	2089
1932	2090
1932	2091
1932	2094
1932	2095
1932	2096
1932	2097
1932	2100
1932	2103
1932	2104
1932	2105
1932	2106
1932	2107
1932	2108
1932	2109
1932	2110
1932	2111
1932	2112
1932	2113
1932	2114
1932	2115
1932	2118
1932	2119
1932	2120
1932	2121
1932	2122
1932	2123
1932	2124
1932	2127
1932	2128
1932	2129
1932	2130
1932	2133
1932	2134
1932	2135
1932	2136
1932	2137
1932	2138
1932	2139
1932	2140
1932	2141
1932	2142
1932	2143
1932	2144
1932	2147
1932	2148
1932	2149
1932	2150
1932	2151
1932	2156
1932	2157
1932	2158
1932	2159
1932	2160
1932	2161
1932	2162
1932	2163
1932	2164
1932	2165
1932	2166
1932	2167
1932	2168
1932	2169
1932	2170
1932	2171
1932	2172
1932	2173
1932	2174
1932	2175
1932	2176
1932	2177
1932	2178
1932	2179
1932	2180
1932	2181
1932	2182
1932	2185
1932	2188
1932	2193
1932	2196
1932	2197
1932	2198
1932	2199
1932	2200
1932	2201
1932	2206
1932	2207
1932	2208
1932	2209
1932	2210
1932	2213
1932	2214
1932	2215
1932	2216
1932	2217
1932	2218
1932	2219
1932	2220
1932	2221
1932	2222
1932	2228
1932	2229
1932	2230
1932	2231
1932	2232
1932	2233
1932	2234
1932	2235
1932	2236
1932	2237
1932	2238
1932	2241
1932	2244
1932	2245
1932	2249
1932	2250
1932	2253
1932	2254
1932	2255
1932	2265
1932	2266
1932	2267
1932	2268
1932	2269
1932	2272
1932	2273
1932	2274
1932	2275
1932	2276
1932	2277
1932	2278
1932	2279
1932	2283
1932	2284
1932	2285
1932	2286
1932	2287
1932	2288
1932	2291
1932	2292
1932	2293
1932	2294
1932	2295
1932	2296
1932	2297
1932	2300
1932	2301
1932	2302
1932	2305
1932	2306
1932	2307
1932	2308
1932	2309
1932	2310
1932	2311
1932	2312
1932	2313
1932	2314
1932	2315
1932	2316
1932	2317
1932	2318
1932	2319
1932	2320
1932	2321
1932	2322
1932	2323
1932	2324
1932	2325
1932	2326
1932	2327
1932	2328
1932	2329
1932	2330
1932	2331
1932	2332
1932	2333
1932	2334
1932	2335
1932	1933
1932	1936
1932	1937
1932	1938
1932	1939
1932	1940
1932	1941
1932	1942
1932	1943
1932	1944
1932	1945
1932	1946
1932	1947
1932	1948
1932	1949
1932	1950
1932	1951
1932	1952
1932	1953
1932	1956
1932	1957
1932	1958
1932	1959
1932	1960
1932	1961
1932	1964
1932	1965
1932	1966
1932	1967
1932	1968
1932	1969
1932	1970
1932	1971
1932	1975
1932	1976
1932	1977
1932	1978
1932	1979
1932	1982
1932	1983
1932	1984
1932	1985
1932	1986
1932	1987
1932	1988
1932	1989
1932	1992
1932	1993
1932	1994
1932	1995
1932	1996
1932	1997
1932	1998
1932	1999
1932	2000
1932	2001
1932	2002
1932	2003
1932	2004
1932	2005
1932	2006
1932	2007
1932	2008
1932	2009
1932	2010
1932	2014
1932	2015
1932	2016
1932	2017
1932	2018
1932	2019
1932	2020
1932	2021
1932	2022
1932	2026
1932	2027
1932	2031
1932	2034
1932	2035
1932	2036
1932	2037
1932	2038
1932	2041
1932	2042
1932	2043
1932	2046
1932	2047
1933	1934
1933	1935
1953	1954
1953	1955
1961	1962
1961	1963
1971	1972
1971	1973
1971	1974
1979	1980
1979	1981
1989	1990
1989	1991
2010	2011
2010	2012
2010	2013
2022	2024
2022	2025
2022	2023
2027	2028
2027	2029
2027	2030
2031	2032
2031	2033
2038	2040
2038	2039
2043	2044
2043	2045
2057	2058
2057	2059
2057	2060
2073	2074
2073	2075
2080	2081
2080	2082
2080	2083
2080	2084
2080	2085
2080	2086
2091	2092
2091	2093
2097	2098
2097	2099
2100	2101
2100	2102
2115	2116
2115	2117
2124	2125
2124	2126
2130	2131
2130	2132
2144	2145
2144	2146
2151	2152
2151	2153
2151	2154
2151	2155
2182	2184
2182	2183
2185	2186
2185	2187
2188	2192
2188	2189
2188	2190
2188	2191
2193	2194
2193	2195
2201	2202
2201	2203
2201	2204
2201	2205
2210	2211
2210	2212
2222	2224
2222	2225
2222	2226
2222	2227
2222	2223
2238	2240
2238	2239
2241	2242
2241	2243
2245	2248
2245	2246
2245	2247
2250	2251
2250	2252
2255	2256
2255	2257
2255	2258
2255	2259
2255	2260
2255	2261
2255	2262
2255	2263
2255	2264
2269	2270
2269	2271
2279	2280
2279	2281
2279	2282
2288	2289
2288	2290
2297	2298
2297	2299
2302	2304
2302	2303
2339	2345
2339	2347
2339	2340
2339	2342
2340	2341
2342	2344
2342	2343
2345	2346
2347	2348
2349	2350
2351	2352
2353	2354
2353	2355
2355	2356
2355	2357
2358	2359
2360	2409
2360	2411
2360	2413
2360	2361
2360	2363
2360	2365
2361	2362
2363	2364
2365	2366
2365	2367
2365	2368
2365	2369
2365	2370
2365	2371
2365	2372
2365	2373
2365	2374
2365	2375
2365	2376
2365	2377
2365	2378
2365	2379
2365	2380
2365	2381
2365	2382
2365	2383
2365	2384
2365	2385
2365	2386
2365	2387
2365	2388
2365	2389
2365	2390
2365	2391
2365	2392
2365	2393
2365	2394
2365	2395
2365	2396
2365	2397
2365	2398
2365	2399
2365	2400
2365	2401
2365	2402
2365	2403
2365	2404
2365	2405
2365	2406
2365	2407
2365	2408
2409	2410
2411	2412
2413	2414
2415	2416
2416	2417
2418	2419
2420	2465
2420	2438
2420	2470
2420	2421
2420	2423
2420	2463
2421	2422
2423	2432
2423	2433
2423	2434
2423	2435
2423	2436
2423	2437
2423	2424
2423	2425
2423	2426
2423	2427
2423	2428
2423	2429
2423	2430
2423	2431
2438	2439
2438	2442
2438	2443
2438	2444
2438	2447
2438	2448
2438	2449
2438	2450
2438	2451
2438	2452
2438	2453
2438	2454
2438	2455
2438	2456
2438	2457
2438	2458
2438	2459
2438	2460
2438	2461
2438	2462
2439	2440
2439	2441
2444	2445
2444	2446
2463	2464
2465	2466
2465	2467
2465	2468
2465	2469
2470	2471
2472	2473
2472	2475
2472	2477
2472	2479
2472	2481
2472	2484
2472	2487
2472	2489
2473	2474
2475	2476
2477	2478
2479	2480
2481	2482
2481	2483
2484	2485
2484	2486
2487	2488
2489	2490
2491	2492
2491	2494
2492	2493
2495	2496
2495	2524
2495	2498
2495	2500
2496	2497
2498	2499
2500	2501
2500	2502
2500	2503
2500	2504
2500	2505
2500	2506
2500	2507
2500	2508
2500	2509
2500	2510
2500	2511
2500	2512
2500	2513
2500	2514
2500	2515
2500	2516
2500	2517
2500	2518
2500	2519
2500	2520
2500	2521
2500	2522
2500	2523
2524	2525
2526	2527
2527	2528
2529	2530
2530	2531
2532	2533
2533	2534
2535	2536
2535	2539
2536	2537
2536	2538
2539	2540
2539	2541
2542	2543
2543	2544
2545	2546
2546	2547
2548	2553
2548	2557
2548	2555
2548	2549
2548	2551
2549	2550
2551	2552
2553	2554
2555	2556
2557	2558
2559	2560
2560	2561
2562	2563
2562	2565
2562	2567
2562	2569
2562	2571
2562	2578
2562	2583
2562	2586
2562	2588
2562	2591
2562	2594
2562	2596
2562	2609
2562	2611
2562	2614
2562	2616
2562	2618
2562	2619
2562	2621
2562	2623
2562	2624
2562	2625
2562	2627
2562	2628
2562	2630
2562	2633
2562	2635
2562	2637
2562	2641
2562	2644
2562	2646
2562	2648
2562	2650
2562	2652
2562	2654
2563	2564
2565	2566
2567	2568
2569	2570
2571	2572
2571	2573
2571	2574
2571	2575
2571	2576
2571	2577
2578	2579
2578	2580
2578	2581
2578	2582
2583	2584
2583	2585
2586	2587
2588	2589
2588	2590
2591	2592
2591	2593
2594	2595
2596	2597
2596	2598
2596	2599
2596	2600
2596	2601
2596	2602
2596	2603
2596	2604
2596	2605
2596	2606
2596	2607
2596	2608
2609	2610
2611	2612
2611	2613
2614	2615
2616	2617
2619	2620
2621	2622
2625	2626
2628	2629
2630	2632
2630	2631
2633	2634
2635	2636
2637	2640
2637	2638
2637	2639
2641	2642
2641	2643
2644	2645
2646	2647
2648	2649
2650	2651
2652	2653
2654	2655
2656	2657
2656	2659
2657	2658
2659	2660
2661	2662
2663	2664
2664	2665
2664	2666
2664	2667
2664	2668
2669	2670
2670	2672
2670	2673
2670	2674
2670	2671
2675	2676
2675	2678
2675	2687
2676	2677
2678	2679
2678	2680
2678	2681
2678	2682
2678	2683
2678	2684
2678	2685
2678	2686
2687	2688
2689	2690
2689	2692
2690	2691
2692	2693
2694	2697
2694	2699
2694	2695
2695	2696
2697	2698
2699	2700
2701	2704
2701	2702
2702	2703
2704	2705
2706	2707
2707	2708
2707	2709
2710	2718
2710	2711
2711	2712
2711	2713
2711	2714
2711	2715
2711	2716
2711	2717
2718	2719
2720	2721
2720	2723
2720	2725
2721	2722
2723	2724
2725	2726
2727	2728
2728	2729
2728	2730
2731	2732
2732	2733
2734	2735
2735	2736
2737	2738
2738	2752
2738	2753
2738	2754
2738	2755
2738	2756
2738	2757
2738	2758
2738	2759
2738	2739
2738	2740
2738	2741
2738	2742
2738	2743
2738	2744
2738	2745
2738	2746
2738	2747
2738	2748
2738	2749
2738	2750
2738	2751
2760	2761
2760	2763
2761	2762
2763	2764
2763	2765
2766	2771
2766	2767
2767	2768
2767	2769
2767	2770
2771	2772
2773	2776
2773	2774
2774	2775
2776	2777
2778	2785
2778	2794
2778	2795
2778	2801
2778	2804
2778	2807
2778	2809
2778	2779
2778	2781
2778	2783
2779	2780
2781	2782
2783	2784
2785	2786
2785	2787
2785	2788
2785	2789
2785	2790
2785	2791
2785	2792
2785	2793
2795	2800
2795	2796
2795	2797
2795	2798
2795	2799
2801	2802
2801	2803
2804	2805
2804	2806
2807	2808
2809	2810
2809	2811
2812	2813
2813	2814
2815	2816
2815	2818
2815	2820
2816	2817
2818	2819
2820	2821
2822	2854
2822	2823
2822	2834
2822	2836
2822	2838
2822	2839
2822	2841
2823	2824
2823	2825
2823	2826
2823	2827
2823	2828
2823	2829
2823	2830
2823	2831
2823	2832
2823	2833
2834	2835
2836	2837
2839	2840
2841	2848
2841	2849
2841	2850
2841	2851
2841	2852
2841	2853
2841	2842
2841	2843
2841	2844
2841	2845
2841	2846
2841	2847
2854	2855
2856	2857
2856	2859
2856	2868
2857	2858
2859	2860
2859	2861
2859	2862
2859	2863
2859	2864
2859	2865
2859	2866
2859	2867
2868	2869
2870	2871
2871	2872
2873	2874
2874	2875
2874	2876
2877	2894
2877	2896
2877	2898
2877	2902
2877	2903
2877	2878
2878	2880
2878	2881
2878	2882
2878	2883
2878	2884
2878	2885
2878	2886
2878	2887
2878	2888
2878	2889
2878	2890
2878	2891
2878	2892
2878	2893
2878	2879
2894	2895
2896	2897
2898	2899
2898	2900
2898	2901
2903	2904
2905	2906
2906	2907
2908	2909
2908	2911
2909	2910
2911	2912
2913	2914
2914	2915
2914	2916
2917	2918
2918	2920
2918	2919
2921	2922
2921	2924
2922	2923
2924	2925
2924	2926
2927	2928
2929	2930
2929	2933
2930	2931
2930	2932
2933	2934
2935	2936
2935	2940
2935	2942
2936	2937
2936	2938
2936	2939
2940	2941
2942	2943
2944	2945
2944	2947
2944	2950
2944	2952
2944	2954
2944	2956
2944	2958
2945	2946
2947	2948
2947	2949
2950	2951
2952	2953
2954	2955
2956	2957
2958	2959
2960	2961
2961	2962
2961	2963
2961	2964
2965	2966
2966	2967
2968	2978
2968	2979
2968	2969
2968	2971
2968	2973
2968	2975
2969	2970
2971	2972
2973	2974
2975	2976
2975	2977
2979	2980
2981	2984
2981	2982
2982	2983
2984	2985
2986	2987
2987	2988
2989	2990
2990	2991
2992	2993
2993	2994
2995	2996
2996	2997
2998	2999
2999	3000
3001	3002
3001	3004
3002	3003
3004	3005
3004	3006
3007	3008
3008	3009
3010	3011
3010	3045
3010	3016
3010	3050
3010	3052
3010	3058
3010	3054
3010	3056
3010	3026
3010	3091
3010	3060
3010	3093
3010	3065
3010	3039
3010	3013
3011	3012
3013	3014
3013	3015
3016	3017
3016	3018
3016	3019
3016	3023
3016	3024
3016	3025
3019	3020
3019	3021
3019	3022
3026	3032
3026	3027
3026	3028
3026	3035
3028	3029
3028	3030
3028	3031
3032	3033
3032	3034
3035	3036
3035	3037
3035	3038
3039	3040
3039	3041
3039	3042
3042	3043
3042	3044
3045	3046
3045	3047
3047	3048
3047	3049
3050	3051
3052	3053
3054	3055
3056	3057
3058	3059
3060	3064
3060	3061
3060	3062
3060	3063
3065	3072
3065	3073
3065	3074
3065	3075
3065	3076
3065	3077
3065	3085
3065	3086
3065	3087
3065	3088
3065	3066
3066	3067
3066	3068
3066	3069
3066	3070
3066	3071
3077	3078
3077	3079
3077	3080
3077	3081
3077	3082
3077	3083
3077	3084
3088	3089
3088	3090
3091	3092
3093	3094
3095	3096
3095	3329
3096	3097
3096	3098
3096	3099
3096	3100
3096	3101
3096	3107
3096	3108
3096	3109
3096	3110
3096	3111
3096	3112
3096	3113
3096	3114
3096	3115
3096	3116
3096	3117
3096	3118
3096	3124
3096	3125
3096	3126
3096	3127
3096	3128
3096	3129
3096	3130
3096	3131
3096	3132
3096	3133
3096	3134
3096	3135
3096	3136
3096	3137
3096	3138
3096	3139
3096	3140
3096	3141
3096	3142
3096	3143
3096	3144
3096	3154
3096	3155
3096	3156
3096	3157
3096	3158
3096	3159
3096	3160
3096	3163
3096	3164
3096	3165
3096	3166
3096	3167
3096	3170
3096	3171
3096	3172
3096	3173
3096	3174
3096	3177
3096	3178
3096	3179
3096	3180
3096	3181
3096	3182
3096	3183
3096	3184
3096	3185
3096	3186
3096	3187
3096	3188
3096	3189
3096	3190
3096	3191
3096	3192
3096	3193
3096	3194
3096	3195
3096	3196
3096	3197
3096	3198
3096	3201
3096	3202
3096	3203
3096	3204
3096	3208
3096	3209
3096	3210
3096	3211
3096	3212
3096	3213
3096	3214
3096	3215
3096	3216
3096	3217
3096	3218
3096	3219
3096	3220
3096	3221
3096	3222
3096	3223
3096	3224
3096	3225
3096	3226
3096	3227
3096	3228
3096	3229
3096	3230
3096	3231
3096	3232
3096	3233
3096	3234
3096	3235
3096	3236
3096	3237
3096	3238
3096	3239
3096	3240
3096	3241
3096	3242
3096	3245
3096	3246
3096	3247
3096	3251
3096	3254
3096	3255
3096	3256
3096	3259
3096	3260
3096	3263
3096	3264
3096	3265
3096	3266
3096	3267
3096	3268
3096	3276
3096	3290
3096	3291
3096	3292
3096	3296
3096	3297
3096	3298
3096	3299
3096	3300
3096	3301
3096	3302
3096	3303
3096	3304
3096	3305
3096	3306
3096	3307
3096	3308
3096	3309
3096	3310
3096	3311
3096	3312
3096	3313
3096	3314
3096	3315
3096	3316
3096	3317
3096	3318
3096	3319
3096	3320
3096	3321
3096	3322
3096	3323
3096	3324
3096	3325
3096	3326
3096	3327
3096	3328
3101	3104
3101	3105
3101	3106
3101	3102
3101	3103
3118	3120
3118	3121
3118	3122
3118	3123
3118	3119
3144	3145
3144	3146
3144	3147
3144	3148
3144	3149
3144	3150
3144	3151
3144	3152
3144	3153
3160	3161
3160	3162
3167	3168
3167	3169
3174	3176
3174	3175
3198	3200
3198	3199
3204	3205
3204	3206
3204	3207
3242	3243
3242	3244
3247	3248
3247	3249
3247	3250
3251	3252
3251	3253
3256	3257
3256	3258
3260	3261
3260	3262
3268	3269
3268	3270
3268	3271
3268	3272
3268	3273
3268	3274
3268	3275
3276	3277
3276	3278
3276	3279
3276	3280
3276	3281
3276	3282
3276	3283
3276	3284
3276	3285
3276	3286
3276	3287
3276	3288
3276	3289
3292	3293
3292	3294
3292	3295
3329	3330
3329	3331
3329	3332
3329	3333
3329	3334
3329	3335
3329	3336
3329	3337
3329	3338
3329	3339
3340	3341
3341	3344
3341	3345
3341	3346
3341	3342
3341	3343
3347	3348
3348	3349
3348	3350
3351	3352
3352	3353
3354	3378
3354	3355
3354	3357
3355	3356
3357	3360
3357	3361
3357	3362
3357	3363
3357	3364
3357	3365
3357	3366
3357	3367
3357	3368
3357	3369
3357	3370
3357	3371
3357	3372
3357	3373
3357	3374
3357	3375
3357	3376
3357	3377
3357	3358
3357	3359
3378	3379
3380	3387
3380	3381
3380	3389
3381	3384
3381	3385
3381	3386
3381	3382
3381	3383
3387	3388
3389	3390
3391	3392
3391	3394
3391	3410
3391	3414
3392	3393
3394	3395
3394	3396
3394	3397
3394	3398
3394	3399
3394	3401
3394	3402
3394	3403
3394	3404
3394	3409
3399	3400
3404	3408
3404	3405
3404	3406
3404	3407
3410	3411
3410	3412
3410	3413
3414	3415
3414	3416
3414	3417
3414	3418
3414	3419
3414	3420
3421	3425
3421	3422
3422	3424
3422	3423
3425	3426
3425	3427
3425	3428
3425	3429
3425	3430
3425	3431
3425	3436
3425	3437
3431	3432
3431	3433
3431	3434
3431	3435
3438	3439
3439	3440
3441	3442
3441	3444
3441	3446
3442	3443
3444	3445
3446	3447
3448	3449
3449	3450
3451	3452
3452	3453
3454	3457
3454	3463
3454	3461
3454	3455
3455	3456
3457	3458
3457	3459
3457	3460
3461	3462
3463	3464
3463	3465
3466	3473
3466	3467
3467	3472
3467	3468
3467	3469
3467	3470
3467	3471
3473	3474
3473	3475
3476	3477
3477	3480
3477	3478
3477	3479
3481	3482
3482	3483
3482	3484
3485	3486
3486	3487
3488	3489
3489	3490
3491	3496
3491	3492
3491	3494
3492	3493
3494	3495
3496	3497
3496	3498
3499	3500
3500	3501
3502	3505
3502	3508
3502	3503
3503	3504
3505	3506
3505	3507
3508	3509
3510	3511
3511	3512
3511	3513
3511	3514
3515	3523
3515	3525
3515	3527
3515	3530
3515	3532
3515	3534
3515	3516
3515	3518
3516	3517
3518	3520
3518	3521
3518	3522
3518	3519
3523	3524
3525	3526
3527	3528
3527	3529
3530	3531
3532	3533
3534	3536
3534	3537
3534	3535
3538	3539
3539	3540
3541	3542
3542	3543
3544	3545
3545	3546
3545	3547
3548	3557
3548	3549
3548	3551
3549	3550
3551	3552
3551	3553
3551	3554
3551	3555
3551	3556
3557	3558
3559	3560
3559	3563
3559	3565
3559	3567
3559	3571
3559	3573
3559	3575
3560	3561
3560	3562
3563	3564
3565	3566
3567	3568
3567	3569
3567	3570
3571	3572
3573	3574
3575	3576
3577	3578
3577	3581
3577	3582
3578	3579
3578	3580
3582	3583
3584	3592
3584	3585
3584	3587
3584	3589
3585	3586
3587	3588
3589	3590
3589	3591
3592	3593
3595	3596
3596	3597
3598	3616
3598	3618
3598	3620
3598	3623
3598	3657
3598	3626
3598	3599
3598	3601
3598	3604
3598	3606
3598	3607
3598	3658
3598	3614
3599	3600
3601	3602
3601	3603
3604	3605
3607	3608
3607	3609
3607	3610
3607	3611
3607	3612
3607	3613
3614	3615
3616	3617
3618	3619
3620	3621
3620	3622
3623	3624
3623	3625
3626	3627
3626	3628
3626	3629
3626	3630
3626	3631
3626	3632
3626	3633
3626	3634
3626	3635
3626	3636
3626	3637
3626	3638
3626	3639
3626	3640
3626	3641
3626	3642
3626	3643
3626	3644
3626	3645
3626	3648
3626	3649
3626	3650
3626	3651
3626	3654
3626	3655
3626	3656
3645	3646
3645	3647
3651	3652
3651	3653
3658	3659
3660	3661
3661	3662
3661	3663
3664	3690
3664	3691
3664	3696
3664	3665
3664	3667
3664	3701
3664	3703
3664	3705
3664	3707
3664	3710
3665	3666
3667	3668
3667	3669
3667	3670
3667	3671
3667	3672
3667	3673
3667	3674
3667	3675
3667	3676
3667	3677
3667	3678
3667	3679
3667	3680
3667	3681
3667	3682
3667	3683
3667	3684
3667	3685
3667	3686
3667	3687
3667	3688
3667	3689
3691	3692
3691	3693
3691	3694
3691	3695
3696	3697
3696	3698
3696	3699
3696	3700
3701	3702
3703	3704
3705	3706
3707	3708
3707	3709
3710	3711
3712	3713
3713	3714
3715	3716
3715	3719
3716	3717
3716	3718
3719	3720
3721	3722
3722	3723
3724	3725
3724	3729
3724	3731
3724	3733
3724	3736
3724	3740
3725	3728
3725	3726
3725	3727
3729	3730
3731	3732
3733	3734
3733	3735
3736	3737
3736	3738
3736	3739
3740	3741
3742	3791
3742	3772
3742	3789
3742	3743
3743	3744
3743	3745
3743	3746
3743	3747
3743	3748
3743	3749
3743	3750
3743	3753
3743	3754
3743	3755
3743	3756
3743	3757
3743	3758
3743	3759
3743	3760
3743	3761
3743	3762
3743	3763
3743	3764
3743	3765
3743	3766
3743	3767
3743	3768
3743	3769
3743	3770
3743	3771
3750	3752
3750	3751
3772	3776
3772	3777
3772	3782
3772	3783
3772	3784
3772	3785
3772	3786
3772	3787
3772	3788
3772	3773
3772	3774
3772	3775
3777	3778
3777	3779
3777	3780
3777	3781
3789	3790
3791	3792
3791	3793
3791	3794
3791	3795
3791	3796
3791	3797
3791	3798
3791	3799
3800	3809
3800	3818
3800	3825
3800	3801
3800	3803
3800	3805
3801	3802
3803	3804
3805	3808
3805	3806
3805	3807
3809	3810
3809	3813
3809	3814
3809	3815
3810	3811
3810	3812
3815	3816
3815	3817
3818	3819
3818	3820
3818	3821
3818	3822
3818	3823
3818	3824
3825	3826
3825	3827
3828	3829
3829	3830
3829	3831
3832	3833
3832	3835
3833	3834
3835	3842
3835	3843
3835	3844
3835	3845
3835	3846
3835	3847
3835	3848
3835	3849
3835	3850
3835	3851
3835	3852
3835	3853
3835	3854
3835	3855
3835	3856
3835	3862
3835	3863
3835	3864
3835	3865
3835	3866
3835	3836
3835	3837
3837	3840
3837	3841
3837	3838
3837	3839
3856	3857
3856	3858
3856	3859
3856	3860
3856	3861
3867	3868
3867	3909
3868	3869
3868	3870
3868	3871
3868	3872
3868	3873
3868	3874
3868	3875
3868	3876
3868	3877
3868	3878
3868	3879
3868	3880
3868	3881
3868	3882
3868	3883
3868	3884
3868	3885
3868	3886
3868	3887
3868	3888
3868	3889
3868	3890
3868	3891
3868	3892
3868	3893
3868	3894
3868	3895
3868	3896
3868	3897
3868	3898
3868	3899
3868	3900
3868	3901
3868	3902
3868	3903
3868	3904
3868	3905
3868	3906
3868	3907
3868	3908
3909	3910
3909	3911
3912	3913
3912	3915
3913	3914
3915	3916
3915	3917
3915	3918
3919	3920
3920	3921
3922	3923
3923	3924
3925	3926
3926	3927
3928	3929
3929	3930
3931	3932
3932	3933
3934	3968
3934	3938
3934	3940
3934	3944
3934	3947
3934	3954
3934	3960
3934	3972
3934	3962
3934	3966
3934	3935
3935	3936
3935	3937
3938	3939
3940	3941
3940	3942
3940	3943
3944	3945
3944	3946
3947	3948
3947	3949
3947	3950
3947	3951
3947	3952
3947	3953
3954	3955
3954	3956
3954	3957
3954	3958
3954	3959
3960	3961
3962	3963
3962	3964
3962	3965
3966	3967
3968	3969
3968	3970
3968	3971
3973	3976
3973	3974
3974	3975
3976	3977
3978	4001
3978	3979
3978	3999
3978	3983
3979	3980
3979	3981
3979	3982
3983	3984
3983	3985
3983	3986
3983	3987
3983	3988
3983	3989
3983	3990
3983	3991
3983	3992
3983	3993
3983	3994
3983	3995
3983	3996
3983	3997
3983	3998
3999	4000
4001	4002
4003	4004
4003	4007
4004	4005
4004	4006
4007	4008
4009	4010
4010	4011
4012	4013
4013	4014
4015	4016
4015	4018
4016	4017
4018	4019
4020	4026
4020	4021
4020	4038
4021	4024
4021	4025
4021	4022
4021	4023
4026	4032
4026	4033
4026	4034
4026	4035
4026	4036
4026	4037
4026	4027
4026	4028
4026	4029
4026	4030
4026	4031
4038	4039
4040	4067
4040	4041
4040	4043
4040	4045
4040	4048
4040	4049
4041	4042
4043	4044
4045	4046
4045	4047
4049	4064
4049	4065
4049	4066
4049	4050
4049	4051
4049	4052
4049	4053
4049	4054
4049	4055
4049	4056
4049	4057
4049	4058
4049	4059
4049	4060
4049	4061
4049	4062
4049	4063
4067	4068
4069	4070
4070	4071
4072	4073
4072	4076
4072	4078
4072	4081
4073	4074
4073	4075
4076	4077
4078	4080
4078	4079
4081	4082
4083	4088
4083	4091
4083	4084
4083	4093
4083	4086
4084	4085
4086	4087
4088	4089
4088	4090
4091	4092
4093	4094
4095	4096
4096	4097
4098	4099
4099	4100
4101	4104
4101	4106
4101	4102
4102	4103
4104	4105
4106	4107
4106	4108
4106	4109
4110	4111
4111	4112
4113	4114
4114	4115
4116	4129
4116	4136
4116	4139
4116	4117
4116	4119
4116	4123
4116	4127
4117	4118
4119	4120
4119	4121
4119	4122
4123	4124
4123	4125
4123	4126
4127	4128
4129	4130
4129	4131
4131	4132
4131	4133
4131	4134
4131	4135
4136	4137
4136	4138
4139	4140
4141	4171
4141	4173
4141	4142
4141	4144
4141	4149
4141	4151
4142	4143
4144	4145
4144	4146
4144	4147
4144	4148
4149	4150
4151	4160
4151	4161
4151	4162
4151	4163
4151	4164
4151	4165
4151	4166
4151	4167
4151	4168
4151	4169
4151	4170
4151	4152
4151	4153
4151	4154
4151	4155
4151	4156
4151	4157
4151	4158
4151	4159
4171	4172
4173	4174
4175	4176
4176	4177
4178	4192
4178	4204
4178	4207
4178	4179
4178	4186
4178	4190
4179	4180
4179	4181
4179	4182
4179	4183
4179	4184
4179	4185
4186	4187
4186	4188
4186	4189
4190	4191
4192	4193
4192	4194
4192	4195
4192	4196
4192	4197
4192	4198
4192	4199
4192	4200
4192	4201
4192	4202
4192	4203
4204	4205
4204	4206
4207	4208
4207	4209
4207	4210
4207	4211
4212	4213
4213	4214
4213	4215
4216	4217
4216	4226
4216	4219
4216	4228
4216	4242
4217	4218
4219	4224
4219	4225
4219	4220
4219	4221
4219	4222
4219	4223
4226	4227
4228	4240
4228	4241
4228	4229
4228	4230
4228	4231
4231	4232
4231	4233
4231	4234
4231	4235
4231	4236
4231	4237
4231	4238
4231	4239
4242	4243
4244	4256
4244	4265
4244	4267
4244	4269
4244	4271
4244	4245
4244	4246
4244	4251
4246	4248
4246	4249
4246	4250
4246	4247
4251	4252
4251	4253
4251	4254
4251	4255
4256	4257
4256	4258
4256	4259
4256	4260
4256	4261
4256	4262
4256	4263
4256	4264
4265	4266
4267	4268
4269	4270
4271	4272
4273	4274
4273	4276
4273	4278
4274	4275
4276	4277
4278	4288
4278	4289
4278	4279
4278	4280
4278	4281
4278	4282
4278	4283
4278	4284
4278	4285
4278	4286
4278	4287
4290	4291
4290	4293
4290	4295
4291	4292
4293	4294
4295	4296
4295	4297
4298	4299
4298	4301
4299	4300
4301	4302
4303	4304
4304	4305
4306	4322
4306	4323
4306	4307
4306	4308
4306	4310
4306	4318
4308	4309
4310	4311
4310	4312
4310	4313
4310	4314
4310	4315
4310	4316
4310	4317
4318	4320
4318	4321
4318	4319
4323	4324
4325	4326
4326	4327
4328	4329
4328	4332
4328	4340
4328	4337
4329	4330
4329	4331
4332	4336
4332	4333
4332	4334
4332	4335
4337	4338
4337	4339
4340	4341
4340	4342
4340	4343
4344	4345
4344	4347
4344	4349
4344	4358
4344	4353
4345	4346
4347	4348
4349	4352
4349	4350
4349	4351
4353	4354
4353	4355
4353	4356
4353	4357
4358	4359
4360	4361
4360	4365
4360	4366
4360	4370
4360	4372
4360	4374
4361	4362
4361	4363
4361	4364
4366	4368
4366	4369
4366	4367
4370	4371
4372	4373
4374	4375
4376	4377
4376	4379
4377	4378
4379	4380
4381	4385
4381	4387
4381	4390
4381	4393
4381	4395
4381	4400
4381	4411
4381	4413
4381	4382
4382	4384
4382	4383
4385	4386
4387	4388
4387	4389
4390	4392
4390	4391
4393	4394
4395	4396
4395	4397
4395	4398
4395	4399
4400	4401
4400	4402
4400	4403
4400	4404
4400	4405
4400	4406
4400	4407
4400	4408
4400	4409
4400	4410
4411	4412
4413	4414
4415	4416
4415	4418
4415	4421
4416	4417
4418	4419
4418	4420
4421	4422
4421	4423
4421	4424
4421	4425
4421	4426
4421	4427
4421	4428
4421	4429
4421	4430
4421	4431
4421	4432
4421	4433
4421	4434
4421	4435
4421	4436
4421	4437
4421	4438
4421	4439
4421	4440
4421	4441
4421	4442
4421	4443
4421	4444
4421	4445
4421	4446
4421	4447
4421	4448
4421	4449
4421	4450
4421	4451
4421	4452
4421	4453
4421	4454
4421	4455
4421	4456
4457	4458
4458	4459
4460	4465
4460	4461
4460	4463
4461	4462
4463	4464
4465	4466
4467	4472
4467	4480
4467	4468
4467	4470
4468	4469
4470	4471
4472	4473
4472	4474
4472	4475
4472	4476
4472	4477
4472	4478
4472	4479
4480	4481
4482	4483
4482	4485
4483	4484
4485	4486
4487	4488
4487	4505
4487	4490
4488	4489
4490	4491
4490	4492
4490	4493
4490	4494
4490	4495
4490	4496
4490	4497
4490	4498
4490	4499
4490	4500
4490	4501
4490	4502
4490	4503
4490	4504
4505	4506
4507	4512
4507	4514
4507	4508
4507	4866
4508	4509
4508	4510
4508	4511
4512	4513
4514	4608
4514	4609
4514	4651
4514	4652
4514	4655
4514	4659
4514	4663
4514	4667
4514	4668
4514	4669
4514	4670
4514	4671
4514	4672
4514	4673
4514	4674
4514	4675
4514	4676
4514	4677
4514	4678
4514	4679
4514	4680
4514	4681
4514	4682
4514	4683
4514	4684
4514	4687
4514	4688
4514	4689
4514	4690
4514	4691
4514	4692
4514	4693
4514	4694
4514	4695
4514	4696
4514	4699
4514	4702
4514	4703
4514	4704
4514	4705
4514	4708
4514	4709
4514	4710
4514	4717
4514	4718
4514	4721
4514	4722
4514	4723
4514	4726
4514	4729
4514	4730
4514	4731
4514	4735
4514	4736
4514	4737
4514	4738
4514	4739
4514	4743
4514	4744
4514	4745
4514	4746
4514	4747
4514	4748
4514	4749
4514	4750
4514	4751
4514	4756
4514	4757
4514	4758
4514	4759
4514	4775
4514	4776
4514	4777
4514	4778
4514	4779
4514	4780
4514	4781
4514	4782
4514	4783
4514	4784
4514	4785
4514	4789
4514	4790
4514	4791
4514	4794
4514	4795
4514	4796
4514	4812
4514	4813
4514	4838
4514	4839
4514	4840
4514	4841
4514	4842
4514	4843
4514	4844
4514	4845
4514	4848
4514	4851
4514	4852
4514	4853
4514	4856
4514	4857
4514	4858
4514	4862
4514	4863
4514	4864
4514	4865
4514	4515
4514	4518
4514	4523
4514	4524
4514	4527
4514	4530
4514	4531
4514	4549
4514	4550
4514	4551
4514	4552
4514	4553
4514	4554
4514	4555
4514	4556
4514	4559
4514	4560
4514	4561
4514	4562
4514	4563
4514	4564
4514	4568
4514	4569
4514	4570
4514	4571
4514	4572
4514	4573
4514	4574
4514	4575
4514	4584
4514	4585
4514	4586
4514	4587
4514	4588
4514	4589
4514	4595
4514	4596
4514	4597
4514	4598
4514	4599
4514	4600
4514	4601
4514	4602
4514	4603
4514	4604
4514	4605
4514	4606
4514	4607
4515	4516
4515	4517
4518	4520
4518	4521
4518	4522
4518	4519
4524	4525
4524	4526
4527	4528
4527	4529
4531	4544
4531	4545
4531	4546
4531	4547
4531	4548
4531	4532
4531	4533
4531	4534
4531	4535
4531	4536
4531	4537
4531	4538
4531	4539
4531	4540
4531	4541
4531	4542
4531	4543
4556	4557
4556	4558
4564	4565
4564	4566
4564	4567
4575	4576
4575	4577
4575	4578
4575	4579
4575	4580
4575	4581
4575	4582
4575	4583
4589	4592
4589	4593
4589	4594
4589	4590
4589	4591
4609	4610
4609	4611
4609	4612
4609	4613
4609	4614
4609	4615
4609	4616
4609	4617
4609	4618
4609	4619
4609	4620
4609	4621
4609	4622
4609	4623
4609	4624
4609	4625
4609	4626
4609	4627
4609	4628
4609	4629
4609	4630
4609	4631
4609	4632
4609	4633
4609	4634
4609	4635
4609	4636
4609	4637
4609	4638
4609	4639
4609	4640
4609	4641
4609	4642
4609	4643
4609	4644
4609	4645
4609	4646
4609	4647
4609	4648
4609	4649
4609	4650
4652	4653
4652	4654
4655	4656
4655	4657
4655	4658
4659	4660
4659	4661
4659	4662
4663	4664
4663	4665
4663	4666
4684	4685
4684	4686
4696	4697
4696	4698
4699	4700
4699	4701
4705	4706
4705	4707
4710	4711
4710	4712
4710	4713
4710	4714
4710	4715
4710	4716
4718	4720
4718	4719
4723	4724
4723	4725
4726	4728
4726	4727
4731	4732
4731	4733
4731	4734
4739	4740
4739	4741
4739	4742
4751	4752
4751	4753
4751	4754
4751	4755
4759	4768
4759	4769
4759	4770
4759	4771
4759	4772
4759	4773
4759	4774
4759	4760
4759	4761
4759	4762
4759	4763
4759	4764
4759	4765
4759	4766
4759	4767
4785	4786
4785	4787
4785	4788
4791	4792
4791	4793
4796	4800
4796	4801
4796	4802
4796	4803
4796	4804
4796	4805
4796	4806
4796	4807
4796	4808
4796	4809
4796	4810
4796	4811
4796	4797
4796	4798
4796	4799
4813	4814
4813	4815
4813	4816
4813	4817
4813	4818
4813	4819
4813	4820
4813	4821
4813	4822
4813	4823
4813	4824
4813	4825
4813	4826
4813	4827
4813	4828
4813	4829
4813	4830
4813	4831
4813	4832
4813	4833
4813	4834
4813	4835
4813	4836
4813	4837
4845	4846
4845	4847
4848	4849
4848	4850
4853	4854
4853	4855
4858	4859
4858	4860
4858	4861
4866	4867
4868	4897
4868	4900
4868	4869
4868	4902
4868	4871
4868	4873
4868	4875
4868	4877
4868	4887
4869	4870
4871	4872
4873	4874
4875	4876
4877	4878
4877	4879
4877	4880
4877	4881
4877	4882
4877	4883
4877	4884
4877	4885
4877	4886
4887	4896
4887	4888
4887	4889
4887	4890
4887	4891
4887	4892
4887	4893
4887	4894
4887	4895
4897	4898
4897	4899
4900	4901
4902	4903
4904	4905
4905	4906
4905	4907
4905	4908
4909	4910
4910	4911
4912	4913
4912	4915
4913	4914
4915	4916
4917	4938
4917	4940
4917	4918
4917	4923
4917	4925
4917	4927
4918	4920
4918	4921
4918	4922
4918	4919
4923	4924
4925	4926
4927	4928
4927	4929
4927	4930
4927	4931
4927	4932
4927	4933
4927	4934
4927	4935
4927	4936
4927	4937
4938	4939
4940	4941
4940	4942
4940	4943
4944	4945
4944	4955
4944	4948
4944	4950
4945	4946
4945	4947
4948	4949
4950	4952
4950	4953
4950	4954
4950	4951
4955	4956
4957	4958
4958	4959
4960	4992
4960	4994
4960	5004
4960	5006
4960	5009
4960	5011
4960	5012
4960	5015
4960	5016
4960	5017
4960	5020
4960	5022
4960	5024
4960	5031
4960	5033
4960	5034
4960	5035
4960	4961
4960	4963
4960	4965
4960	4966
4960	4967
4960	4969
4960	4972
4960	4974
4960	4976
4960	4980
4960	4982
4960	4984
4960	4987
4960	4989
4961	4962
4963	4964
4967	4968
4969	4970
4969	4971
4972	4973
4974	4975
4976	4977
4976	4978
4976	4979
4980	4981
4982	4983
4984	4985
4984	4986
4987	4988
4989	4990
4989	4991
4992	4993
4994	4995
4994	4996
4994	4997
4994	4998
4994	4999
4994	5000
4994	5001
4994	5002
4994	5003
5004	5005
5006	5008
5006	5007
5009	5010
5012	5013
5012	5014
5017	5018
5017	5019
5020	5021
5022	5023
5024	5025
5024	5026
5024	5027
5024	5028
5024	5029
5024	5030
5031	5032
5035	5036
5037	5040
5037	5042
5037	5038
5038	5039
5040	5041
5042	5043
5044	5060
5044	5045
5044	5047
5044	5049
5044	5051
5044	5053
5044	5055
5045	5046
5047	5048
5049	5050
5051	5052
5053	5054
5055	5056
5055	5057
5055	5058
5055	5059
5060	5061
5062	5091
5062	5063
5062	5070
5062	5072
5062	5074
5062	5076
5062	5078
5062	5080
5062	5083
5062	5087
5063	5064
5063	5065
5063	5066
5063	5067
5063	5068
5063	5069
5070	5071
5072	5073
5074	5075
5076	5077
5078	5079
5080	5081
5080	5082
5083	5084
5083	5085
5083	5086
5087	5088
5087	5089
5087	5090
5091	5092
5093	5096
5093	5094
5094	5095
5096	5097
5098	5099
5098	5101
5098	5103
5099	5100
5101	5102
5103	5104
5105	5106
5105	5131
5105	5108
5106	5107
5108	5120
5108	5121
5108	5122
5108	5123
5108	5124
5108	5125
5108	5126
5108	5127
5108	5128
5108	5129
5108	5130
5108	5109
5108	5110
5108	5111
5108	5112
5108	5113
5108	5114
5108	5115
5108	5116
5108	5117
5108	5118
5108	5119
5131	5132
5133	5134
5134	5135
5134	5136
5134	5137
5134	5138
5134	5139
5134	5140
5141	5142
5141	5143
5144	5145
5145	5146
5147	5148
5148	5149
5150	5151
5151	5152
5151	5153
5154	5155
5155	5156
5157	5160
5157	5162
5157	5164
5157	5166
5157	5158
5158	5159
5160	5161
5162	5163
5164	5165
5166	5167
5168	5169
5169	5170
5171	5172
5172	5173
5174	5175
5175	5176
5177	5178
5177	5180
5177	5183
5178	5179
5180	5181
5180	5182
5183	5184
5185	5186
5186	5187
5188	5189
5189	5190
5189	5191
5192	5193
5192	5203
5192	5195
5192	5205
5192	5207
5193	5194
5195	5202
5195	5196
5195	5199
5196	5197
5196	5198
5199	5200
5199	5201
5203	5204
5205	5206
5207	5208
5207	5209
5207	5210
5207	5211
5207	5212
5207	5213
5214	5215
5215	5216
5215	5217
5215	5218
5215	5219
5215	5220
5215	5221
5215	5222
5215	5223
5215	5224
5215	5225
5215	5226
5215	5227
5215	5228
5215	5231
5215	5232
5215	5233
5228	5229
5228	5230
5234	5235
5235	5236
5237	5240
5237	5242
5237	5238
5238	5239
5240	5241
5242	5243
5244	5245
5245	5246
5247	5248
5248	5249
5250	5251
5250	5253
5251	5252
5253	5256
5253	5254
5253	5255
5257	5272
5257	5258
5257	5260
5257	5270
5257	5262
5258	5259
5260	5261
5262	5263
5262	5264
5262	5265
5262	5266
5262	5267
5262	5268
5262	5269
5270	5271
5272	5273
5272	5274
5272	5275
5276	5280
5276	5313
5276	5286
5276	5288
5276	5297
5276	5303
5276	5277
5276	5278
5278	5279
5280	5281
5280	5282
5280	5283
5280	5284
5280	5285
5286	5287
5288	5289
5288	5290
5288	5291
5288	5292
5288	5293
5288	5294
5288	5295
5288	5296
5297	5298
5297	5299
5297	5300
5297	5301
5297	5302
5303	5312
5303	5304
5303	5305
5303	5306
5303	5307
5303	5308
5303	5309
5303	5310
5303	5311
5313	5314
5314	5315
5314	5316
5317	5324
5317	5318
5318	5320
5318	5321
5318	5322
5318	5323
5318	5319
5324	5325
5324	5326
5324	5327
5324	5328
5324	5329
5324	5330
5324	5331
5324	5332
5324	5333
5324	5334
5324	5335
5324	5336
5324	5337
5324	5338
5324	5339
5324	5340
5324	5341
5342	5343
5343	5344
5343	5345
5343	5346
5343	5347
5343	5348
5343	5349
5350	5351
5351	5352
5353	5354
5353	5356
5354	5355
5356	5357
5358	5359
5359	5360
5361	5362
5362	5363
5362	5364
5362	5365
5366	5369
5366	5371
5366	5373
5366	5375
5366	5367
5367	5368
5369	5370
5371	5372
5373	5374
5375	5376
5377	5378
5377	5380
5377	5383
5378	5379
5380	5381
5380	5382
5383	5384
5383	5385
5383	5386
5383	5387
5383	5388
5383	5389
5383	5390
5383	5391
5383	5392
5383	5393
5383	5396
5383	5397
5383	5398
5383	5401
5383	5404
5383	5405
5383	5406
5383	5407
5383	5408
5383	5409
5383	5410
5383	5411
5383	5412
5383	5413
5383	5416
5383	5417
5383	5418
5383	5423
5383	5424
5383	5425
5383	5426
5383	5427
5383	5428
5383	5429
5383	5432
5393	5394
5393	5395
5398	5400
5398	5399
5401	5402
5401	5403
5413	5414
5413	5415
5418	5419
5418	5420
5418	5421
5418	5422
5429	5430
5429	5431
5432	5433
5432	5434
5432	5435
5432	5436
5432	5437
5438	5451
5438	5439
5439	5440
5439	5441
5439	5446
5439	5447
5439	5448
5439	5449
5439	5450
5441	5442
5441	5443
5441	5444
5444	5445
5451	5504
5451	5505
5451	5506
5451	5507
5451	5508
5451	5509
5451	5510
5451	5452
5451	5453
5451	5454
5451	5455
5451	5456
5451	5457
5451	5458
5451	5459
5451	5460
5451	5461
5451	5462
5451	5463
5451	5464
5451	5465
5451	5468
5451	5469
5451	5470
5451	5471
5451	5472
5451	5473
5451	5474
5451	5475
5451	5476
5451	5477
5451	5478
5451	5479
5451	5480
5451	5481
5451	5482
5451	5483
5451	5484
5451	5485
5451	5486
5451	5487
5451	5488
5451	5489
5451	5490
5451	5491
5451	5492
5451	5493
5451	5494
5451	5495
5451	5496
5451	5497
5451	5498
5451	5499
5451	5500
5451	5501
5451	5502
5451	5503
5465	5466
5465	5467
5511	5512
5511	5514
5512	5513
5514	5515
5514	5516
5514	5517
5514	5518
5514	5519
5514	5520
5514	5521
5514	5522
5514	5523
5514	5524
5514	5525
5514	5526
5514	5527
5514	5528
5514	5529
5514	5530
5514	5531
5514	5532
5514	5533
5514	5534
5514	5535
5514	5536
5514	5537
5514	5538
5514	5539
5514	5540
5514	5541
5514	5542
5514	5543
5514	5544
5514	5545
5514	5546
5514	5547
5514	5548
5514	5549
5514	5550
5514	5551
5514	5552
5514	5553
5514	5554
5514	5555
5514	5556
5514	5557
5514	5558
5559	5560
5559	5562
5560	5561
5562	5563
5564	5565
5564	5567
5565	5566
5567	5568
5569	5576
5569	5570
5569	5572
5570	5571
5572	5573
5572	5574
5572	5575
5576	5577
5576	5578
5576	5579
5576	5580
5581	5582
5582	5583
5584	5585
5584	5587
5585	5586
5587	5588
5587	5589
5590	5591
5591	5592
5593	5594
5594	5595
5596	5601
5596	5603
5596	5604
5596	5597
5596	5599
5597	5598
5599	5600
5601	5602
5604	5605
5606	5607
5606	5610
5606	5612
5606	5615
5606	5617
5606	5619
5606	5621
5606	5623
5606	5624
5606	5627
5607	5608
5607	5609
5610	5611
5612	5613
5612	5614
5615	5616
5617	5618
5619	5620
5621	5622
5624	5625
5624	5626
5627	5628
5629	5632
5629	5634
5629	5635
5629	5630
5630	5631
5632	5633
5635	5636
5637	5638
5638	5639
5640	5641
5640	5643
5640	5645
5641	5642
5643	5644
5645	5646
5647	5648
5647	5656
5647	5650
5647	5654
5648	5649
5650	5651
5650	5652
5650	5653
5654	5655
5656	5657
5656	5658
5656	5659
5656	5660
5656	5661
5656	5662
5663	5664
5665	5666
5665	5668
5665	5670
5665	5672
5665	5674
5665	5676
5666	5667
5668	5669
5670	5671
5672	5673
5674	5675
5676	5677
5676	5678
5676	5679
5676	5680
5676	5681
5676	5682
5676	5683
5676	5684
5676	5685
5676	5686
5687	5688
5688	5689
5690	5704
5690	5691
5690	5700
5691	5696
5691	5697
5691	5698
5691	5699
5691	5692
5691	5693
5691	5694
5691	5695
5700	5701
5700	5702
5700	5703
5704	5705
5706	5712
5706	5707
5707	5708
5707	5709
5707	5710
5707	5711
5712	5713
5712	5714
5712	5715
5712	5716
5712	5717
5712	5718
5712	5719
5720	5721
5720	5724
5721	5722
5721	5723
5724	5725
5724	5726
5727	5728
5727	5731
5728	5729
5728	5730
5731	5732
5733	5734
5734	5735
5736	5737
5737	5738
5739	5744
5739	5740
5740	5741
5740	5742
5740	5743
5744	5745
5746	5747
5747	5748
5749	5752
5749	5761
5749	5750
5749	5759
5750	5751
5752	5753
5752	5754
5752	5755
5752	5756
5752	5757
5752	5758
5759	5760
5761	5762
5761	5763
5764	5770
5764	5765
5765	5768
5765	5769
5765	5766
5765	5767
5770	5771
5770	5772
5770	5773
5770	5774
5775	5776
5775	5778
5775	5780
5776	5777
5778	5779
5780	5781
5780	5782
5780	5783
5784	5785
5785	5786
5787	5788
5788	5789
5790	5791
5791	5792
5793	5801
5793	5794
5793	5804
5793	5796
5794	5795
5796	5800
5796	5797
5796	5798
5796	5799
5801	5802
5801	5803
5804	5805
5804	5806
5804	5807
5804	5808
5804	5809
5804	5810
5804	5811
5804	5812
5804	5813
5814	5815
5815	5816
5817	5818
5818	5819
5820	5824
5820	5827
5820	5829
5820	5838
5820	5840
5820	5821
5821	5822
5821	5823
5824	5825
5824	5826
5827	5828
5829	5830
5829	5831
5829	5832
5829	5833
5829	5834
5829	5835
5829	5836
5829	5837
5838	5839
5840	5841
5840	5842
5840	5843
5840	5844
5840	5845
5840	5846
5840	5847
5840	5848
5840	5849
5840	5850
5840	5851
5840	5852
5840	5853
5840	5854
5840	5855
5840	5856
5840	5857
5840	5858
5840	5859
5840	5860
5840	5861
5840	5862
5840	5863
5840	5864
5840	5865
5840	5866
5840	5867
5840	5868
5840	5869
5840	5870
5840	5871
5840	5872
5874	5875
5875	5876
5877	5878
5879	5880
5879	5881
5879	5883
5879	5885
5881	5882
5883	5884
5885	5886
5887	5888
5887	5890
5887	5892
5887	5900
5887	5939
5887	5908
5888	5889
5890	5891
5892	5896
5892	5893
5892	5894
5892	5895
5896	5897
5896	5898
5896	5899
5900	5901
5901	5902
5901	5903
5901	5904
5901	5905
5901	5906
5901	5907
5908	5922
5908	5923
5908	5924
5908	5925
5908	5926
5908	5931
5908	5932
5908	5937
5908	5938
5908	5909
5908	5910
5908	5911
5908	5919
5911	5912
5911	5913
5911	5914
5911	5915
5911	5916
5911	5917
5911	5918
5919	5920
5919	5921
5926	5928
5926	5929
5926	5930
5926	5927
5932	5936
5932	5933
5932	5934
5932	5935
5939	5940
5941	5942
5943	5944
5943	5952
5943	5948
5943	5964
5944	5945
5945	5946
5945	5947
5948	5949
5948	5950
5948	5951
5952	5953
5952	5954
5952	5955
5952	5956
5952	5957
5952	5958
5952	5961
5952	5962
5952	5963
5958	5960
5958	5959
5964	5965
5964	5966
5964	5967
5964	5968
5964	5969
5964	5970
5964	5971
5964	5972
5964	5973
5964	5979
5964	5980
5973	5976
5973	5977
5973	5978
5973	5974
5973	5975
